9 21
4
5
7
3
8 8
3
6
4
3
3
7
7
3
3
6
2
6
5
5
3
2
7
5
4
5
1 28
2
9 40
1 48
4
8 21
2
5
3
5
2
7
5
6
6
4
7
8 26
5
8 14
5
9 49
1 34
1 2
2
4
1 10
2
8 1
6
8 31
7
8 15
8 11
4
6
1 40
8 15
2
9 25
4
5
2
9 17
6
1 10
8 22
3
8 5
4
2
2
3
7
1 11
4
1 2
9 43
4
3
5
7
6
4
5
2
3
9 29
8 29
4
5
6
2
6
8 12
3
3
9 37
1 23
9 13
3
3
7
4
3
5
5
5
7
8 34
8 27
9 43
5
3
4
6
8 38
6
1 5
5
2
3
9 12
1 12
9 8
9 23
9 12
9 47
6
3
8 8
6
7
5
1 36
4
2
1 29
3
4
3
6
7
4
6
2
5
4
2
4
5
9 2
3
2
2
9 18
8 26
5
4
7
2
1 26
9 37
6
9 15
3
1 44
3
6
2
1 8
4
6
5
8 41
7
5
3
2
7
9 16
8 13
1 44
1 35
4
7
8 9
8 8
2
7
8 27
5
9 35
5
9 6
8 16
5
7
4
8 34
1 34
9 10
8 43
6
1 33
7
4
7
1 30
6
4
1 46
1 30
5
2
2
4
9 46
5
1 10
8 21
2
1 43
6
1 17
8 31
9 33
1 1
8 38
9 37
6
3
2
7
3
5
2
3
9 19
7
1 42
1 7
2
6
3
1 47
1 1
5
4
7
5
5
3
2
6
6
1 17
1 48
2
7
7
7
8 43
5
7
1 46
4
4
5
8 24
6
9 49
7
8 31
2
2
8 44
7
8 33
8 38
6
3
4
5
6
7
8 5
3
1 29
5
1 24
6
2
8 44
8 31
5
7
4
3
8 30
9 18
1 11
5
4
1 48
2
4
4
5
3
7
9 17
9 37
7
8 45
6
1 41
5
2
8 25
2
5
7
3
7
3
5
6
4
7
4
3
8 1
2
1 27
2
9 41
4
5
8 27
3
5
2
1 43
7
7
2
8 31
3
1 25
9 30
5
9 39
4
9 34
2
3
1 21
7
2
9 11
5
5
7
4
4
4
4
2
1 44
6
6
4
3
8 43
3
1 12
2
6
6
8 40
8 22
8 7
2
8 20
2
4
5
3
4
2
2
7
9 37
8 44
3
9 40
8 40
1 36
3
2
6
7
1 45
5
7
3
3
1 5
9 3
7
9 44
5
7
7
5
2
8 10
3
3
9 21
4
2
6
6
5
2
8 31
6
3
2
3
3
8 20
4
8 7
8 18
5
9 45
4
4
3
5
9 49
5
2
9 1
8 37
8 22
7
9 34
6
3
1 2
9 8
7
8 32
8 8
4
8 49
3
6
6
5
9 38
3
4
4
7
3
6
8 41
5
5
5
4
7
9 30
2
1 25
2
7
5
7
6
3
5
9 16
9 4
3
7
4
6
5
1 24
4
1 26
5
7
2
9 44
9 30
4
6
7
9 6
2
7
8 35
3
6
1 9
8 20
4
1 35
7
1 25
6
7
9 16
3
9 7
9 25
1 30
2
5
9 2
4
6
1 6
4
3
6
8 42
2
7
2
6
1 30
3
3
1 23
5
4
4
9 43
1 47
9 32
8 48
7
7
7
8 45
3
2
4
4
6
3
7
4
4
5
2
2
6
7
8 43
3
4
5
5
7
1 19
3
5
4
5
7
8 47
4
8 47
3
6
4
3
2
1 17
5
7
7
8 9
2
1 5
1 23
1 15
8 13
6
1 28
2
4
3
6
9 15
4
4
7
8 8
8 49
1 20
8 40
8 7
6
9 7
4
2
8 18
3
1 32
8 16
9 2
4
5
3
2
1 27
7
5
7
3
8 38
7
1 45
4
1 1
4
1 46
3
6
9 39
2
9 16
2
2
6
4
9 45
2
8 36
7
9 12
3
7
8 41
9 4
5
7
5
7
7
2
3
4
4
3
4
9 8
1 43
9 12
4
7
1 46
1 33
3
5
4
3
1 7
6
5
1 23
3
1 11
1 20
3
2
2
2
9 49
4
6
7
7
9 3
7
6
6
5
3
5
4
4
6
1 50
5
4
4
8 4
5
6
2
7
4
2
8 3
2
1 2
7
8 32
4
1 49
9 49
7
9 14
2
8 39
3
4
1 38
8 5
9 17
4
6
5
7
4
9 6
4
5
6
7
1 43
9 37
4
8 43
3
2
2
8 24
1 13
1 34
7
2
6
2
2
5
9 42
5
7
2
2
1 8
9 5
8 6
6
5
1 50
1 13
8 18
9 11
8 34
2
1 14
1 29
1 49
7
7
1 10
9 48
6
5
4
9 19
6
8 27
3
7
3
7
7
8 6
8 2
7
7
5
9 14
1 27
7
1 2
9 50
7
9 20
9 13
4
8 41
2
2
9 3
7
5
2
9 23
6
8 13
7
9 9
2
4
2
4
8 25
5
1 9
9 37
5
7
1 10
1 45
8 47
1 44
9 28
2
4
2
5
3
4
6
1 12
6
8 16
9 42
2
8 2
9 3
9 40
6
3
5
6
2
4
2
9 48
4
4
5
4
5
7
5
3
3
5
5
2
3
6
7
8 43
7
3
1 22
9 13
5
4
2
4
8 7
9 47
9 18
3
1 32
2
4
3
2
3
6
1 3
1 40
2
9 39
9 41
5
5
7
3
3
4
6
7
3
8 49
8 18
1 33
1 2
9 26
2
9 47
9 40
6
5
6
5
1 31
3
2
8 4
8 40
6
9 11
7
3
9 9
3
9 50
6
4
7
6
9 23
1 47
3
3
8 3
8 32
2
3
1 23
2
3
1 33
1 50
9 27
2
6
4
8 46
8 31
8 13
5
6
3
9 30
4
4
6
6
6
1 30
4
3
7
4
4
5
6
6
1 39
7
5
9 44
2
4
4
8 49
7
5
4
6
3
5
1 47
8 28
3
3
6
3
3
3
9 38
1 26
99
