2
3 7
3 2
2
1 49
2
3 16
1 36
2
2
2
2
1 23
1 17
3 7
1 29
3 14
2
1 38
3 50
1 27
3 27
1 50
2
3 8
1 6
2
1 4
3 32
2
2
1 32
1 40
2
1 6
3 48
3 30
2
2
1 30
3 15
3 38
1 39
3 15
1 37
3 2
2
2
3 43
1 18
3 15
1 26
3 40
1 6
3 33
2
1 38
1 44
3 28
3 38
2
2
3 14
3 42
2
2
1 46
1 37
2
3 39
3 35
3 40
3 38
3 21
1 41
3 20
1 39
3 32
2
2
2
1 43
1 10
3 17
3 35
2
3 38
1 11
3 4
3 38
3 33
1 42
3 3
3 24
2
3 41
2
2
1 27
3 1
2
2
1 44
3 18
3 35
2
1 49
1 25
3 32
2
3 5
2
3 22
1 33
3 14
3 21
2
1 16
2
1 9
3 13
3 19
1 40
1 2
2
1 19
3 39
2
2
2
2
1 48
1 46
2
2
1 17
2
1 50
2
2
1 41
1 40
1 22
2
2
2
3 14
2
2
1 22
2
3 38
3 8
1 35
2
1 39
1 32
2
1 40
2
3 34
3 3
2
3 24
1 46
2
1 31
2
2
3 16
1 22
2
3 31
3 33
3 23
2
1 10
2
3 32
1 11
1 6
1 35
1 15
2
3 30
3 25
2
1 18
1 45
1 5
2
2
1 38
3 43
1 19
2
2
2
2
3 42
1 13
2
3 3
2
2
3 33
1 25
2
1 41
3 34
3 20
1 39
2
3 49
1 42
3 28
1 47
2
2
3 30
2
3 29
3 26
1 29
2
2
2
3 23
1 34
1 7
3 48
3 44
3 21
2
1 11
3 15
1 1
3 21
2
1 36
3 47
3 48
2
1 8
1 41
3 34
2
3 48
1 6
3 29
2
1 48
1 1
3 2
1 43
3 26
1 49
3 14
3 20
2
3 18
2
2
1 46
3 38
1 17
2
2
2
2
3 50
2
2
1 38
3 48
3 45
3 1
3 44
1 48
2
2
3 30
3 23
2
2
1 11
2
2
2
3 14
1 38
2
1 7
3 49
3 47
1 14
3 2
2
3 45
3 49
1 8
3 42
2
2
2
3 49
1 24
2
2
3 40
3 6
2
3 5
2
1 39
1 18
3 1
2
3 19
2
3 14
3 2
1 26
3 6
3 31
3 14
1 16
3 40
3 45
2
3 24
2
1 35
3 15
1 47
1 36
1 24
1 50
3 46
3 10
2
2
3 11
1 12
3 50
1 8
3 50
2
3 44
2
2
1 37
1 50
1 24
3 17
2
3 9
2
2
1 24
3 3
3 22
3 13
2
3 9
3 38
1 15
3 31
2
1 24
2
1 1
2
1 10
1 32
1 43
3 24
1 2
2
1 24
2
1 13
3 6
2
2
1 49
2
3 42
2
2
2
1 24
1 13
2
3 35
2
3 21
2
3 33
1 38
3 43
2
1 46
1 42
1 42
1 16
2
1 40
3 2
2
1 16
1 33
3 5
1 1
2
2
1 48
1 15
3 35
3 11
2
2
3 23
1 40
1 21
3 18
2
1 43
2
1 5
3 48
1 6
2
2
1 21
2
2
1 42
3 27
3 41
1 22
1 47
1 41
3 5
2
2
3 17
1 5
2
3 48
1 15
3 43
1 19
3 21
2
3 37
1 33
3 18
1 33
2
1 6
3 21
3 44
1 4
3 42
2
3 4
2
3 5
3 42
3 48
3 37
3 10
1 10
2
2
1 15
1 26
3 17
3 7
3 39
1 35
1 2
2
3 50
2
1 13
1 13
3 39
3 39
3 48
3 17
3 33
1 36
1 32
2
3 23
2
1 29
1 50
2
1 14
3 24
1 19
1 45
3 10
1 48
3 46
3 4
1 23
3 39
2
2
3 8
3 17
2
1 48
2
2
1 26
3 37
3 32
3 11
3 36
2
3 35
1 39
3 13
2
3 17
2
2
2
1 29
3 36
2
3 44
1 4
1 18
3 2
3 11
1 38
1 48
2
3 36
2
1 22
2
3 45
3 3
2
2
2
3 40
2
3 22
3 15
3 18
3 15
1 27
3 20
2
1 1
3 22
1 14
2
1 19
2
1 35
1 39
1 43
2
3 17
3 42
3 19
1 16
1 34
2
3 39
3 23
2
2
2
3 47
2
3 40
1 14
3 25
3 49
2
1 9
2
1 21
3 44
2
1 11
3 15
1 21
1 23
1 21
3 23
1 4
2
2
3 15
1 42
2
2
3 10
1 47
3 20
1 19
3 48
2
1 7
3 50
1 2
1 43
1 2
1 39
1 14
3 6
1 48
1 35
2
3 2
1 19
2
3 37
3 26
1 29
2
3 42
2
1 33
1 48
2
1 22
2
2
3 18
2
2
1 40
1 5
2
3 5
1 25
3 8
3 46
1 25
2
3 32
3 4
2
1 36
2
1 23
1 41
2
2
1 27
2
1 33
3 14
3 41
3 36
2
3 30
3 47
2
1 46
3 17
2
1 26
3 32
3 21
3 16
2
2
3 24
3 11
3 14
3 40
3 13
3 50
3 10
3 50
3 40
3 1
3 3
3 19
1 49
2
1 30
2
3 20
1 18
1 18
1 9
1 6
2
1 16
3 13
1 20
3 38
1 14
3 8
2
1 42
2
2
2
1 44
1 11
1 50
1 44
2
3 4
1 46
3 7
1 47
1 8
1 20
2
3 23
3 21
3 46
1 3
2
2
2
1 8
1 20
3 42
1 41
3 7
1 12
3 2
1 13
1 39
1 33
3 38
2
1 9
3 7
2
3 28
2
2
3 39
2
3 46
2
2
1 24
2
3 48
2
1 48
1 34
3 23
1 35
3 4
3 25
2
3 48
1 33
2
1 10
3 26
2
2
2
2
3 1
1 42
2
2
2
3 5
3 30
3 14
3 36
1 34
1 45
1 6
3 43
3 36
1 25
3 17
2
1 10
3 4
1 28
2
1 40
2
2
3 33
1 9
3 46
3 3
1 23
3 38
2
3 41
2
1 22
1 13
1 29
2
3 43
3 15
2
2
3 36
3 46
2
1 44
1 35
3 24
1 23
3 33
3 39
2
1 28
3 34
3 11
1 45
3 46
2
2
3 15
2
1 46
3 26
3 34
1 30
1 9
3 24
1 13
3 43
2
3 8
2
2
3 27
3 42
2
2
3 29
2
2
1 13
3 42
1 13
1 27
2
3 21
3 19
2
3 38
1 22
2
3 16
3 38
3 1
1 44
3 21
1 17
1 48
3 1
3 46
1 5
2
3 31
2
3 44
3 47
2
1 21
1 29
2
1 39
1 36
2
1 46
1 30
2
3 27
3 18
2
3 3
1 15
3 21
3 19
2
3 2
3 26
1 4
3 32
1 42
2
1 34
1 2
2
3 12
3 6
1 38
3 50
2
1 36
3 20
2
3 34
3 13
2
1 9
2
2
2
3 46
3 10
2
3 15
3 28
3 49
3 26
2
2
1 17
1 1
2
1 15
2
1 35
2
2
1 28
3 49
1 12
2
1 17
3 42
3 37
3 18
2
2
1 46
1 17
2
2
2
1 41
1 1
3 49
2
1 12
3 25
3 29
1 33
2
3 30
2
3 37
2
3 36
1 25
1 22
1 13
3 23
3 22
1 33
1 39
2
2
2
1 16
3 8
3 11
1 22
2
1 15
1 2
3 29
2
2
1 44
2
3 6
1 17
2
3 23
3 2
1 26
2
1 16
3 17
3 15
99
